ЦСД 3
    0 5.88 0.995
    1 2.982 0.929
    2 1.92 0.902
    3 1.203 0.881
    4 1.203 0.881
Сепаратор
    0.02
    0.999
ПП1
    0.12
    0.02
    NaN
    20
    1
ПП2
    0.2
    0.02
    NaN
    22.2
    0
ЦНД 4
    0 1.118 250
    1 0.638 193
    2 0.340 139
    3 0.092 0.945
    4 0.025 0.902
    5 0.004 0.87
Конденсатор
КНI
    0.78
    1.6
ПНД1
    1
    0.15
    NaN
    2.5
    4
ПНД2
    2
    0.15
    5
    3
    3
ПНД3
    3
    0.15
    NaN
    4
    2
ПНД4
    4
    0.15
    4.5
    4
    1
Деаэратор
    0.69
    3
ПН
    0.82
    8.9
ПВД5
    5
    0.4
    5
    5
    3
ПВД6
    6
    0.4
    5
    5.5
    2
ПВД7
    7
    0.4
    5
    6.2
    1
Теплосеть
    1
    150
    1.6
    60
    120
Т1
    1
    0.2
    NaN
    4
    3
Т2
    2
    0.2
    NaN
    4.6
    2
Т3
    3
    0.2
    NaN
    8.8
    1
ТП
    0.98
    0.77
    0.004
    1790
